+---+----------+------------+----------------+-------------------+
| k |   BIC    | Silhouette | Davies-Bouldin | Calinski-Harabasz |
+---+----------+------------+----------------+-------------------+
| 2 | -205,693 |   0.270    |     1.468      |       2,193       |
| 3 | -234,515 |   0.154    |     1.811      |       1,586       |
| 4 | -246,829 |   0.129    |     2.356      |       1,192       |
| 5 | -253,606 |   0.132    |     1.937      |       1,224       |
| 6 | -257,802 |   0.164    |     1.840      |       1,186       |
| 7 | -268,004 |   0.107    |     2.010      |       1,021       |
| 8 | -270,930 |   0.106    |     1.955      |        954        |
+---+----------+------------+----------------+-------------------+
