+---+---------+------------+----------------+-------------------+
| k | Inertia | Silhouette | Davies-Bouldin | Calinski-Harabasz |
+---+---------+------------+----------------+-------------------+
| 2 |  26,473 |   0.342    |     1.407      |       2,455       |
| 3 |  22,488 |   0.239    |     1.503      |       1,961       |
| 4 |  19,709 |   0.224    |     1.415      |       1,765       |
| 5 |  17,910 |   0.243    |     1.333      |       1,602       |
| 6 |  16,145 |   0.232    |     1.339      |       1,549       |
| 7 |  15,082 |   0.211    |     1.374      |       1,450       |
| 8 |  14,067 |   0.222    |     1.335      |       1,392       |
+---+---------+------------+----------------+-------------------+
