+---+---------+------------+----------------+-------------------+
| k | Inertia | Silhouette | Davies-Bouldin | Calinski-Harabasz |
+---+---------+------------+----------------+-------------------+
| 2 |  23,255 |   0.367    |     1.243      |       2,372       |
| 3 |  18,444 |   0.340    |     1.146      |       2,254       |
| 4 |  16,280 |   0.273    |     1.349      |       1,960       |
| 5 |  14,384 |   0.262    |     1.309      |       1,855       |
| 6 |  12,923 |   0.281    |     1.238      |       1,784       |
| 7 |  11,594 |   0.289    |     1.167      |       1,767       |
| 8 |  10,700 |   0.286    |     1.228      |       1,711       |
+---+---------+------------+----------------+-------------------+
