+---+----------+------------+----------------+-------------------+
| k |   BIC    | Silhouette | Davies-Bouldin | Calinski-Harabasz |
+---+----------+------------+----------------+-------------------+
| 2 | -231,191 |   0.339    |     1.334      |       2,092       |
| 3 | -266,390 |   0.291    |     1.996      |       1,436       |
| 4 | -285,966 |   0.209    |     2.015      |       1,206       |
| 5 | -292,011 |   0.208    |     1.869      |       1,303       |
| 6 | -295,433 |   0.196    |     2.014      |       1,198       |
| 7 | -299,318 |   0.207    |     1.563      |       1,369       |
| 8 | -304,007 |   0.238    |     1.511      |       1,359       |
+---+----------+------------+----------------+-------------------+
